sequential/simple_rnn/kernel:0
(1, 80)
[[ 0.13772321 -0.14765401  0.14442867 -0.19956468  0.14376254  0.1993708
  -0.0151046   0.24301136  0.07834562 -0.17070441 -0.01127715  0.0432998
  -0.1932159  -0.17316161  0.17148659  0.15309425 -0.10827709 -0.03271517
   0.11523484  0.14652045  0.15328659 -0.07715258  0.18263745 -0.01001499
   0.06935611 -0.09009149  0.18846382 -0.01271913 -0.11311793  0.03906917
   0.15238388  0.00615862 -0.08143495 -0.18653107 -0.11460832 -0.07082491
  -0.04128184  0.07960738 -0.00906993  0.01965568  0.18532223 -0.06817905
  -0.198814    0.16562168  0.06247241 -0.1347547  -0.136788    0.11948829
   0.03620502  0.04168675 -0.17655544  0.07470131 -0.12247183 -0.05382464
   0.20946473 -0.17950824 -0.21313187  0.18554242  0.03715261 -0.03392968
  -0.14191064  0.11486486  0.18244785 -0.11339626  0.16758089  0.18587722
   0.04901295  0.06601447 -0.07899977 -0.09156729  0.08388957  0.2039868
   0.1270895  -0.05360534  0.14143242 -0.09713406 -0.19836318 -0.10070897
  -0.15692645 -0.17898554]]
sequential/simple_rnn/recurrent_kernel:0
(80, 80)
[[-0.24491242 -0.18201917 -0.05132126 ... -0.13622627 -0.05823515
   0.06767856]
 [ 0.0197452   0.08608134 -0.1481755  ... -0.20448695  0.05718825
   0.14395969]
 [ 0.00826746  0.19517058 -0.18198386 ...  0.16886145  0.00038713
  -0.06039092]
 ...
 [-0.04340846  0.15851483 -0.01294476 ... -0.06264246 -0.00231087
  -0.13453855]
 [-0.0212195  -0.0044665   0.1946283  ... -0.10053841  0.0123582
  -0.15295894]
 [ 0.10052671 -0.17234267  0.09790477 ... -0.06073159  0.07959953
  -0.08822633]]
sequential/simple_rnn/bias:0
(80,)
[-1.43048493e-02  8.27854220e-03 -2.33891122e-02  2.14138068e-02
 -8.30380339e-03 -1.40822632e-02  2.70855939e-03 -4.75631701e-03
 -1.50964446e-02  1.42550366e-02 -3.28792166e-03 -1.93853471e-02
  1.56366155e-02  1.27841746e-02 -1.52947968e-02 -2.64473911e-02
  1.00789741e-02 -9.89925582e-04 -4.38908301e-03 -1.79219507e-02
 -2.43649818e-02  9.71553475e-03 -2.17224797e-03 -3.24508687e-03
 -4.41327365e-03  5.19391382e-03 -2.93238163e-02 -4.04218212e-03
  1.56205567e-02  1.58281263e-03 -1.36996685e-02 -1.39536953e-03
  2.29027355e-03  2.34736446e-02  1.36550358e-02  1.55495538e-03
  8.57220148e-05 -1.02373343e-02  4.55216179e-03 -1.90217688e-04
 -1.33700622e-02  4.55965986e-03  1.63928717e-02 -1.85838416e-02
 -2.77993758e-03  2.24738605e-02  1.08216526e-02 -5.00130234e-03
  1.96993514e-03 -3.15369619e-03  2.05552522e-02 -6.90344954e-03
  1.57981664e-02  1.17351236e-02 -1.39451884e-02  3.09160817e-02
  2.29873750e-02 -2.19565015e-02 -1.43919943e-03  6.43979339e-03
  1.57253183e-02 -1.31541835e-02 -2.26708986e-02  9.17459652e-03
 -1.83484424e-02 -1.91846434e-02 -6.55459531e-04 -2.32839603e-02
  1.33611057e-02  6.67269155e-03 -9.85187013e-03 -1.30874580e-02
 -1.33352317e-02  5.06439665e-03 -1.60220843e-02  1.14571163e-02
  1.01444069e-02  6.89418102e-03  1.87057052e-02  1.52919674e-02]
sequential/simple_rnn_1/kernel:0
(80, 100)
[[-0.09871294 -0.03599787 -0.01366393 ...  0.14615458  0.06701899
   0.11538116]
 [ 0.00282998  0.0378022   0.00839407 ... -0.01614903 -0.09871215
   0.06526937]
 [-0.12849165  0.06376737 -0.0797835  ...  0.12170685 -0.0751619
   0.10614723]
 ...
 [ 0.04537449 -0.01900763 -0.06348976 ...  0.04578948  0.1617351
  -0.14250913]
 [ 0.05499657 -0.10741489  0.03071643 ...  0.01124447  0.17382662
  -0.13097043]
 [ 0.10434201 -0.12354882 -0.12828039 ...  0.0972442   0.1279055
  -0.18165676]]
sequential/simple_rnn_1/recurrent_kernel:0
(100, 100)
[[-0.12811896 -0.08967072  0.0886822  ... -0.04360685 -0.18991552
  -0.0670768 ]
 [-0.01763947 -0.02570734 -0.02833944 ...  0.11686495 -0.02104081
  -0.12476777]
 [ 0.04775096  0.0572512  -0.00537092 ... -0.08423051 -0.06103319
  -0.02445109]
 ...
 [ 0.10871045 -0.05673905  0.02756952 ...  0.05448599 -0.00807371
  -0.01678232]
 [ 0.11355624  0.06534743  0.0408752  ...  0.09711275 -0.03472924
  -0.07455868]
 [-0.04157962 -0.13021451  0.10412449 ... -0.01153609 -0.09357523
  -0.00887967]]
sequential/simple_rnn_1/bias:0
(100,)
[ 0.00085684  0.00979714 -0.00051656 -0.00080462  0.00275131  0.00253728
 -0.01233259  0.00538894 -0.00667947 -0.00405608 -0.00470692 -0.00031709
  0.01499746  0.00647071 -0.00028163  0.0016794   0.01062089 -0.00552247
 -0.01482487  0.00204082  0.00195431 -0.00359205 -0.00164595 -0.00494247
 -0.00224545  0.00111545  0.00683107  0.00095436  0.00363589 -0.00451884
  0.00226502  0.0121755   0.00694982  0.00385307 -0.0039789   0.00098077
  0.00571349  0.00791374  0.00789778  0.00562427  0.00778816 -0.0010563
  0.00168714 -0.00484964 -0.00476672  0.0037208   0.00411089 -0.0003327
  0.00166661 -0.00018908  0.00358064  0.00176092 -0.01170736  0.01464064
  0.00523569 -0.01607005  0.00323005  0.00460311 -0.00245421  0.00124944
  0.01125123 -0.00205021 -0.00045425 -0.00750304  0.00570803 -0.00088838
  0.00249665 -0.00184665  0.00963591 -0.00185162  0.00505221  0.00012084
 -0.00381438  0.00513704 -0.00148588  0.00893193  0.00013415  0.00588906
  0.0006723  -0.00169164  0.0096862  -0.00724502  0.0129424   0.00042877
 -0.00673392 -0.00408563 -0.00392797  0.00070373 -0.01039094  0.00217968
 -0.00261296  0.00633354  0.0018752  -0.00682335 -0.00827389 -0.00596247
  0.00813353  0.00054633 -0.00845807  0.00042018]
sequential/dense/kernel:0
(100, 1)
[[-0.15855576]
 [ 0.09487233]
 [-0.0888826 ]
 [-0.04601919]
 [-0.07104655]
 [-0.0243596 ]
 [-0.13267659]
 [-0.19627158]
 [-0.0753117 ]
 [-0.09345203]
 [-0.1329368 ]
 [ 0.0541806 ]
 [ 0.08827255]
 [-0.068267  ]
 [ 0.01345828]
 [-0.08110636]
 [ 0.11246181]
 [-0.16975206]
 [-0.11072118]
 [-0.15831418]
 [ 0.12421662]
 [-0.13822238]
 [-0.09687851]
 [ 0.16894811]
 [ 0.05841505]
 [ 0.10817668]
 [ 0.17851116]
 [-0.14672527]
 [ 0.12350602]
 [ 0.16501576]
 [-0.16457693]
 [ 0.12204827]
 [ 0.05770811]
 [ 0.15550467]
 [ 0.1764681 ]
 [ 0.08948825]
 [-0.11805031]
 [ 0.04446923]
 [ 0.11859351]
 [ 0.16266456]
 [ 0.10863006]
 [ 0.18922916]
 [-0.14125484]
 [-0.06343455]
 [-0.15821494]
 [-0.17573932]
 [ 0.07345495]
 [-0.02445596]
 [ 0.06966101]
 [-0.10640951]
 [ 0.16208224]
 [ 0.0544102 ]
 [-0.15161045]
 [ 0.06528642]
 [ 0.17704082]
 [-0.04889737]
 [-0.15145609]
 [-0.03249609]
 [-0.03047607]
 [ 0.13221888]
 [ 0.03937519]
 [-0.02693892]
 [-0.04909526]
 [-0.10451365]
 [-0.1248256 ]
 [ 0.14151941]
 [-0.06748442]
 [-0.13893686]
 [ 0.04125106]
 [-0.12767091]
 [ 0.0890253 ]
 [-0.17725152]
 [-0.17167386]
 [ 0.09208263]
 [ 0.04003578]
 [ 0.1206219 ]
 [-0.10546782]
 [ 0.17697322]
 [-0.04296942]
 [ 0.16736771]
 [ 0.08019459]
 [-0.07647197]
 [ 0.10236336]
 [ 0.04556052]
 [-0.09707948]
 [-0.17450063]
 [-0.16740641]
 [-0.0517104 ]
 [-0.09540606]
 [ 0.16587467]
 [ 0.03061409]
 [ 0.17881624]
 [ 0.1809153 ]
 [-0.19703045]
 [-0.20043477]
 [-0.05619567]
 [ 0.04010399]
 [-0.0369741 ]
 [-0.07812766]
 [ 0.14777578]]
sequential/dense/bias:0
(1,)
[0.10818188]
